1523665
7289530
4987477
1307338
6666262
8085905
8553620
1919220
2626176
4231995
5762646
7434478
8284347
8148685
9398127
8725913
7924267
1667886
7161094
2799563
3071933
3329030
3341415
4850595
3067545
5110053
4585489
2773637
9286774
9996916
6625927
5832428
2849403
8091142
4728524
4470651
2439320
2853671
1577213
9090213
4008886
5600746
7609508
5734722
4161636
8726853
9660904
1131043
1982747
8828817
6219264
1831883
8375656
9908820
7919693
6033486
5841277
2841282
8497625
8252130
6493037
3965480
3597337
7045195
9424855
2134553
2065552
6604272
5639550
8380976
1426580
3798469
1287910
9436007
9344419
2765624
8336064
9981572
6770363
3086637
2671272
4112089
5610422
7234720
8644504
9913861
1171606
8588606
1631334
9343316
5355838
8569795
7843796
9209942
2868614
5128032
4166718
7407238
4343048
9625333
2314985
2351685
4273751
2389410
8671823
7799836
4767244
8878818
7629164
5080485
3135553
2448679
5237870
1458163
8442857
4523309
3220923
7344780
3889937
9589859
3450321
3424304
5167516
8367250
5977589
9451948
4815887
6685874
4394933
2485552
6000247
2680397
9131936
2929509
2386145
8634242
9540770
2685497
6606696
1276266
2036346
2399660
4889918
5316801
6981906
3987556
5886061
9472974
3545907
2607982
9375116
8895482
4438899
2025398
2491429
7414344
3862774
7701195
5788201
7426177
7690463
5307658
6607027
7719358
8315407
4791062
3640429
1391180
2278429
8548631
6930478
2212180
2795818
9029644
7382880
2182673
6699274
5313871
8156168
2798429
7886302
2651857
8446210
1504610
5703064
1741094
1122896
7791092
2236473
1115310
9501324
5421045
2397901
8690975
9722824
2142725
8667773
7932861
4465976